13393915331942970741
16179786769983596855
14392168530411544062
10893050192710988785
10588680081181343432
12075282088311502587
14465047883465767608
8553088135269340074
7440640971384307636
5406377819569763534
12886548494382897747
14343422850212622036
14425456054361592412
6245414370701492763
14104470739771589032
17132452147488298448
1179148861313560515
12495119677598783338
6124123751261160766
17484330910031905720
2769580873369343445
12335908219672876725
11806277086067058737
10399037736325884447
16610255045746720785
15767092366326457700
340572203069772826
11970411771537109606
17685001836208220926
7300728527679225940
6077491260280726339
13987890046196635540
10236798238772750356
3888574867215748706
13613558719707431392
14595086321518690042
15023280873236543690
939094045169470361
17888640787723866058
10815379303183179435
17715189830633428009
8814695593037816584
5102241133329339851
8827393665675626899
9488616461947326470
6853801788625273606
8151329535993736585
1370892693615732509
9621575853259856757
17611534553368223665
15507833398881752815
11305712585808639319
18075443434212560923
14855871805900635856
4139538448676029034
5562053781983530796
10592428743166731892
5088508219504589566
4947659314585033996
15470938262039875485
3240688814306559243
14214031286291888844
10489505205549582302
12290150849841319909
682556589547170255
7579938136758565151
14695713863149510940
2815626376703931423
18386094894557631153
10853600421287783367
4174978368569512456
276712566438965790
7835104118080666765
124405909764266924
17368798984009791705
15225317433560291830
12196950836703004501
1222836447211573074
6077491260280726339
7525572385447186906
5064508064892696970
18241597299166238889
15220855532737182586
13847446324278563491
5063521480555183123
6720345182326043428
7602349328994059526
6703471854349815726
6853801788625273606
6471940251636318647
11478712791602654513
4792943300899245303
14770800759821252643
4654297226664005590
18141938163434089650
15805100665178343642
15220531929112693780
8606584434829826528
4390962248719185865
2041192376248757182
15507833398881752815
